177
3
213
58
21
99
33
194
31
263
180
174
15
211
10
14
135
8
138
90
62
134
28
26
219
34
113
12
38
9
154
109
257
145
51
131
117
202
64
230
185
82
6
48
186
238
218
73
139
255
105
143
79
253
49
27
16
149
212
43
148
127
220
136
240
2
162
124
41
261
234
69
163
75
228
47
208
204
132
223
71
60
142
241
224
172
56
36
182
63
214
39
88
111
121
237
262
24
254
119
96
110
50
74
146
252
114
181
95
97
152
4
57
5
92
55
126
118
30
125
122
190
61
201
59
184
216
76
29
35
258
116
247
46
169
157
251
233
222
120
265
106
25
226
23
37
91
129
112
227
155
179
196
13
215
102
173
100
239
45
7
206
245
68
151
170
209
18
108
225
70
249
205
165
84
11
156
199
140
193
65
83
72
236
42
160
168
19
189
191
66
20
221
198
171
130
137
141
200
207
203
87
231
210
178
187
246
161
166
256
32
1
93
81
80
159
40
192
54
52
144
232
167
77
101
195
53
264
67
150
78
183
107
44
217
86
176
244
94
128
242
259
104
229
17
250
22
153
89
248
133
123
158
260
197
147
243
98
188
164
235
85
175
115