180
72
23
258
56
155
222
78
205
5
216
35
95
77
154
80
218
88
2
92
145
166
36
181
135
164
245
34
41
160
244
177
118
132
14
183
46
139
84
64
32
152
85
22
142
198
112
210
119
68
129
43
169
259
213
20
159
33
126
101
29
42
234
83
27
16
194
212
192
146
200
184
137
226
191
168
261
12
98
227
130
221
54
19
105
79
18
182
125
262
76
40
11
136
60
87
208
104
62
74
153
147
150
265
203
44
215
243
94
199
204
202
256
50
58
124
156
161
231
106
171
187
28
4
240
111
38
8
90
24
239
91
238
49
220
242
219
197
89
176
67
175
196
236
148
201
223
99
3
217
17
53
230
224
257
167
9
123
121
247
61
214
59
172
179
69
141
71
173
211
48
263
255
235
253
96
250
63
193
26
10
1
86
128
47
151
162
233
21
178
246
107
189
170
264
225
206
73
186
229
138
120
81
57
65
251
163
97
82
149
52
109
249
241
127
207
144
157
131
122
13
252
102
25
248
174
108
30
237
116
158
190
165
185
37
51
70
140
113
75
7
260
55
117
6
31
232
100
114
133
66
228
39
134
254
115
209
45
143
15
188
93
195